647 500
28 748
2 381 740
468
1 246 700
442
2 766 890
29 743
7 686 850
86 600
13 940
665
144 000
431
32 545
22 966
112 620
47 000
207 600
1 098 580
51 129
600 370
8 511 965
5 770
110 910
274 200
27 830
9 250
1 284 000
78 867
13 812
756 950
9 596 960
43 094
754
48 730
22 000
1 001 450
283 560
121 320
45 226
1 127 127
18 270
300 000
337 030
675 417
267 667
11 300
239 460
131 940
344
69 700
108 890
245 857
36 120
214 970
27 750
41 526
112 090
56 542
3 287 590
1 904 556
437 072
1 648 000
70 273
103 000
20 770
10 990
377 835
527 970
92 300
1 219 912
98 480
644 329
181 040
475 440
9 976 140
4 033
11 437
2 717 300
582 650
198 500
811
1 138 910
2 170
2 345 410
342 000
51 100
100 860
17 820
236 800
30 355
10 452
111 370
1 759 540
160
65 200
64 589
2 586
587 040
93 030
329 750
118 480
300
1 240 000
316
446 550
181
2 040
1 030 700
1 972 550
702
678 500
33 843
2
1 565 000
801 590
825 418
21
357 021
140 800
1 267 000
923 768
129 494
386 700
268 680
309 500
803 940
458
5 860
78 200
462 840
406 750
1 285 220
322 460
322 575
92 391
83 858
28 051
237 500
17 075 200
26 338
21 040
2 860
61
2 218 000
196 190
120 540
25 333
455
71 740
692
49 035
20 273
637 657
82 880
263 541
9 639 810
88 361
65 610
622 984
1 886 068
163 270
620
261
1 001
389
17 363
185 180
29 785
504 782
41 290
449 964
143 100
301 230
948 087
514 000
56 785
748
5 128
163 610
780 580
488 100
26
236 040
603 700
176 220
447 400
12 200
1
912 050
331 212
14 874
752 614
266 000
390 580
