5199
2548
9630
2230
5581
3148
730
1991
3993
3743
294
953
1138
272
470
12878
623
8
201
58
82
440
184
164
370
372
120
371
188
210
254
188
341
345
2287
347
104
304
2041
57
275
235
398
234
315
264
113
134
120
821
343
995
3217
44
1016
681
43
370
189
151
56
267
166
79
155
370
199
1555
280
142
423
1199
963
155
718
803
759
511
1002
2836
334
158
439
22
1305
69
149
374
9
2147
42
107
44
28
104
26
109
780
100
54
101
507
245
237
109
175
67
510
146
110
38
25
134
115
164
307
367
58
30
49
97
274
144
332
79
153
91
41
97
120
1638
171
302
45
70
43
118
169
44
287
177
568
14
41
86
75
195
60
41
127
179
92
29
90
18
25
1391
137
150
159
173
40
116
287
32
60
437
178
216
88
153
386
65
218
1564
555
60
173
375
223
73
342
183
288
493
193
184
109
94
204
189
62
144
170
50
72
203
1952
75
45
135
122
418
256
56
109
75
64
203
76
41
75
70
49
7
30
113
110
260
131
239
60
193
282
48
122
79
2442
91
76
135
138
148
276
146
565
59
91
48
57
38
32
188
1969
11
163
444
99
158
58
154
101
64
232
67
98
422
145
238
83
62
65
73
119
45
94
44
142
110
519
211
196
29
42
219
60
481
1149
47
73
319
14
54
42
87
49
107
117
61
51
177
1794
28
117
108
7053
71
199
272
60
344
253
57
522
177
72
242
96
168
53
35
222
289
113
78
288
213
18
205
372
240
428
234
152
226
224
279
159
194
171
56
77
53
65
93
94
65
298
207
101
19
58
33
30
50
2
60
117
50
71
53
156
39
19
2
55
45
4
141
4
51
54
9
67
38
1596
48
8
10
145
71
9
50
46
65
52
41
88
42
14
30
38
32
163
63
2090
93
120
626
332
283
119
124
1018
293
90
79
133
64
40
63
27
26
112
88
428
46
28
32
36
986
44
56
35
98
76
141
35
65
124
19
146
153
66
227
428
260
116
89
146
98
73
106
204
146
82
35
25
217
90
21
2015
60
128
219
74
120
9
724
102
63
16
9
75
56
54
58
52
69
1862
69
139
70
180
95
197
401
99
305
157
103
10
37
45
11
43
81
89
3907
119
148
198
50
142
27
248
175
199
256
74
251
23
25
166
86
40
78
34
15
45
9
11
42
10
57
14
3912
463
145
128
37
177
175
174
10
249
1496
130
54
127
20
158
362
107
56
60
75
182
376
115
81
112
203
33
288
198
130
102
350
129
255
20
41
143
116
61
112
78
173
42
47
9
105
184
60
167
64
46
67
720
217
140
84
118
94
401
100
227
49
32
1814
140
74
128
92
151
18
58
67
5374
114
73
75
373
227
91
353
50
290
47
166
147
84
36
120
72
741
83
194
44
106
254
172
59
467
426
138
77
331
97
96
217
431
132
170
24
2823
136
40
49
105
85
87
52
245
167
800
119
170
155
197
29
968
50
13
423
56
89
121
10
566
109
41
191
59
113
48
48
45
82
323
42
182
216
7
28
51
2813
55
140
61
21
35
20
87
71
127
39
66
68
105
20
25
96
51
72
52
87
49
21
162
134
70
30
28
79
20
111
218
270
76
22
59
28
41
133
81
13
39
19
103
133
100
40
45
47
10
130
110
68
103
118
117
50
62
81
49
31
155
626
61
200
55
319
35
291
47
23
8
121
66
130
80
18
5
42
616
118
7
24
125
7
20
28
57
23
8064
185
156
199
131
123
56
127
261
63
226
224
81
14
166
178
283
84
127
39
33
59
339
151
132
48
77
94
72
240
84
49
32
75
513
144
306
818
233
203
119
41
507
87
225
273
130
53
38
86
184
196
43
327
345
20
102
37
79
100
50
143
3467
173
36
353
36
18
143
132
36
49
28
131
61
144
151
511
163
110
61
107
62
104
133
109
60
80
514
76
22
142
29
34
36
189
51
288
138
167
49
486
74
35
59
101
101
73
150
36
176
198
37
709
851
102
507
183
208
24
7
161
107
97
141
464
228
91
186
336
329
1910
378
352
294
202
186
2142
18
185
20
52
17
124
63
22
81
27
178
136
141
61
245
54
57
65
36
131
86
227
46
44
62
38
28
29
205
20
26
130
81
103
65
68
148
124
16
154
148
71
37
19
18
70
40
20
46
172
69
104
85
223
66
121
121
74
54
65
26
66
61
108
66
57
64
89
56
149
89
173
87
177
231
95
56
108
1163
21
71
113
37
44
45
139
1265
132
100
188
262
174
163
138
89
475
392
109
2416
496
69
125
186
68
153
660
137
257
155
681
137
68
644
610
317
288
332
715
262
177
213
1910
165
78
213
124
48
56
99
42
105
83
121
153
28
111
23
55
140
70
207
105
255
170
78
58
164
1479
235
102
42
332
193
117
219
51
131
148
163
25
2953
65
12
207
7
15
30
95
44
57
10
147
21
23
44
75
56
28
5
79
50
8
51
39
579
152
64
50
147
33
6
18
10
162
53
26
145
183
36
69
98
17
79
73
307
1
48
62
267
11
105
60
11
138
149
5082
133
39
124
130
60
59
47
124
20
22
9
221
151
98
12
8
93
100
39
69
115
44
22
60
16
52
24
486
56
77
35
390
133
117
15
74
210
22
22
100
54
780
199
216
326
233
393
413
124
311
150
552
932
647
265
502
635
411
906
274
373
127
124
264
906
346
108
48
112
130
36
213
290
286
164
180
105
130
30
208
118
153
92
48
12
2711
425
99
120
109
88
13
13
32
8
9
14
1
64
45
188
7
12
34
8
5
52
10
140
8
18
17
48
76
72
585
36
167
177
161
437
432
107
153
220
86
860
1004
173
144
238
87
8988
389
5
287
131
167
194
192
70
187
110
91
79
236
225
86
259
141
206
194
81
104
33
220
116
160
621
115
293
380
229
125
86
264
249
580
417
252
505
49
355
116
97
109
33
104
29
198
62
125
52
30
38
7814
214
19
45
53
19
20
60
65
54
63
33
145
195
58
66
152
60
138
54
15
6
10
80
13
161
15
114
103
32
194
315
65
63
16
66
9
37
100
133
56
114
152
10
99
929
54
10
21
45
11
11
32
3
65
94
17
52
125
56
2117
564
43
16
183
51
116
3
108
13
138
41
154
33
311
169
220
401
118
27
22
187
229
294
79
265
7
72
42
1356
62
85
11
679
48
180
68
37
150
158
22
102
151
67
27
93
26
18
21
23
10
6
102
77
124
118
25
24
22
17
11
810
12
21
30
108
20
15
121
6
64
19
29
75
9
19
6
4
2542
44
73
68
14
44
178
94
259
57
22
1047
132
176
79
38
14
47
10
24
226
42
18
44
117
112
70
19
81
18
15
27
51
15
5
15
159
107
36
97
78
83
30
258
38
52
112
76
28
126
108
154
127
14
122
64
30
61
189
33
22
215
269
3
140
12
19
490
26
1
41
45
138
77
16
49
2
54
53
97
105
178
6
45
27
53
9
9
11
131
19
25
31
4
692
2
7
39
39
151
36
496
149
169
125
55
178
134
13
14
28
60
3
57
1044
30
298
58
64
57
57
2117
4
149
88
32
112
19
11
80
42
10
83
15
43
16
35
14
60
70
14
47
91
66
120
761
248
12
10
214
37
81
9
14
88
76
91
75
94
287
15
188
64
332
21
50
118
18
0
30
3
20
89
20
28
5
35
36
43
18
216
17
83
15
0
3
212
3
4
80
492
53
147
19
38
63
25
34
34
170
91
174
9
61
65
34
333
29
206
105
13
111
128
36
93
63
13
24
88
76
25
20
45
90
7
35
74
44
966
53
31
13
163
90
52
72
6
45
37
111
69
27
14
12
20
24
23
88
23
11
56
22
20
21
8
64
25
25
36
11
13
28
180
87
107
50
35
8
63
12
62
12
50
26
9
13
113
55
22
56
41
8
8
12
5
56
42
67
8
18
175
17
65
43
26
103
43
18
17
3863
55
14
36
149
22
191
39
25
147
2
3
258
32
222
65
77
168
478
47
51
315
64
47
152
127
204
68
62
81
3
61
730
68
22
65
122
85
30
56
551
99
45
93
1716
33
59
37
20
88
241
61
55
47
98
74
30
54
28
424
35
18
56
65
160
21
35
53
69
37
26
18
53
149
133
95
60
58
168
45
3079
33
33
93
22
79
5
22
10
17
162
30
65
87
55
162
56
31
68
116
57
54
131
9
31
72
8
120
97
34
47
74
11
28
2
95
27
147
135
89
291
6
1
2
30
39
133
286
140
7
73
30
12
30
116
9
1
34
127
246
50
20
3
29
117
82
56
104
14
22
67
103
34
27
104
54
26
45
2
34
411
11
14
725
74
0
2772
29
34
159
55
16
14
47
43
38
34
19
64
21
22
211
44
50
59
50
50
74
42
105
84
1
15
35
61
63
18
55
53
112
2
70
33
122
38
30
1
9
58
51
180
36
71
20
29
5
2
13
11
21
3
79
48
4
20
2
104
27
36
17
5
144
11
699
288
11
404
1613
544
36
942
15
687
115
74
14
991
929
29
238
889
279
122
144
754
335
116
35
1274
148
66
49
254
368
4
85
25
194
20
20
181
6
27
109
277
106
127
18
76
7
6
18
167
92
36
1678
10
60
9
26
16
1
16
23
407
313
321
56
29
22
8
18
35
13
14
34
14
62
625
28
16
0
43
47
6
6
29
4
4
17
20
8
12
4
5124
384
159
115
278
89
608
410
101
386
114
108
88
189
235
319
580
817
314
276
232
66
215
296
234
146
54
311
10
85
447
8731
113
35
61
52
58
23
110
52
276
111
274
108
272
274
177
44
15
95
41
362
84
169
48
146
1050
232
38
63
285
372
36
195
139
36
27
84
21
346
122
115
60
62
20
290
211
30
343
16
60
69
9
83
253
114
75
38
56
104
246
193
90
15
780
154
70
184
71
318
18
126
231
35
130
165
322
32
912
267
174
218
144
48
352
35
274
160
58
29
24
41
204
40
66
121
83
12
76
148
13
70
51
27
112
2422
223
54
222
1014
80
62
86
147
179
37
672
540
109
14
242
18
196
1644
139
325
92
34
261
63
119
70
12
330
4
11
153
12
9
8
4
49
75
1
36
11
5
8
8
0
45
62
0
1
0
8
1762
22
238
12
5
11
90
70
19
8
129
2171
264
23
69
4
72
185
16
57
105
504
106
154
279
11
143
12
3
49
63
1191
179
50
4
82
88
367
0
41
200
191
397
18
4
4
13
19
35
379
40
77
89
28
158
20
94
9
34
70
1
20
62
23
41
78
1
20
8
0
0
23
21
11
10
18
23
11
68
5
9
8
18
5
24
1126
35
56
8
25
8
33
15
6
7
9
103
25
460
47
7
133
88
54
23
11
39
33
844
2
18
5
71
7
24
7
14
25
2
39
37
9
59
48
7
104
31
1
4
131
58
144
9
5
39
3
19
1
4
37
28
43
5
55
0
3
38
9
47
101
8
78
8
3
28
9
7
14
12
4
17
5
5
76
43
37
37
14
86
18
432
57
71
94
28
42
135
38
31
71
13
184
129
35
27
115
109
14
47
10
182
42
22
15
20
121
19
17
589
308
248
116
56
446
9
101
11
6
616
18
115
616
11
110
2240
16
393
74
300
37
448
289
74
38
87
4
148
34
13
3
574
64
327
167
616
161
8
116
97
25
190
160
79
160
378
1022
330
1108
62
91
10
355
17
74
143
240
1923
1908
2033
134
147
228
298
3692
669
146
2408
1541
2651
338
378
80
857
2118
1863
371
13
18
22
55
125
104
50
103
306
112
117
283
168
93
11
142
72
130
837
238
53
47
456
413
119
388
221
77
13
197
40
55
44
50
98
79
740
84
1071
12
160
49
95
132
209
34
140
155
201
18
696
133
1578
2
67
249
22
100
85
26
94
71
34
62
104
12
21
53
41
160
126
282
33
273
27
321
55
199
263
296
139
200
33
44
153
139
66
110
15
32
174
143
620
997
53
295
53
46
107
47
35
37
54
186
153
576
42
264
74
11
41
64
126
7
45
3567
48
73
130
153
56
70
69
79
45
22
143
178
32
79
129
42
25
127
59
32
167
183
65
89
80
234
12
228
99
207
51
82
768
19
176
45
141
40
82
82
133
85
79
392
92
6
33
117
442
59
65
44
110
210
31
316
85
64
55
90
160
47
112
29
337
3
197
177
82
70
29
92
834
9
82
156
58
53
1850
17
79
32
197
9
76
48
12
33
973
130
132
226
35
22
23
54
19
81
39
59
30
124
31
2
75
476
102
56
7
17
9
176
62
37
67
16
219
51
137
41
155
42
49
64
54
6
16
54
34
263
8
129
53
25
166
40
111
39
15
12
110
20
96
17
44
33
39
27
11
37
15
24
38
29
29
29
43
46
69
42
37
20
46
16
18
24
13
38
22
48
9
13
17
20
731
8
13
61
197
49
30
58
20
37
53
3817
195
118
1010
78
184
39
43
31
454
861
187
132
143
63
81
1485
486
47
1108
66
32
110
127
21
116
1455
27
193
345
367
143
160
131
51
1225
25
48
19
44
3506
88
136
17
120
24
86
88
183
59
67
16
111
68
80
10
36
361
55
54
82
89
169
305
37
36
84
17
812
73
237
26
23
288
270
36
48
120
102
36
201
233
106
89
87
63
60
286
69
35
1354
45
73
131
18
112
16
56
186
19
13
90
112
166
119
50
42
34
280
83
80
52
30
133
334
99
67
62
