22446
5614
32074
5441
18622
8374
1694
5225
12690
15587
716
3012
2528
470
851
37212
1535
25
143
95
103
391
193
193
383
261
234
261
256
170
280
204
352
538
3437
751
112
335
3331
85
300
141
496
331
403
338
187
216
139
1608
737
2290
6439
52
1327
1027
57
624
320
200
121
340
188
135
145
502
240
2417
289
198
607
2321
1916
318
1127
1304
961
719
1610
4760
519
182
649
55
2310
100
183
672
18
4263
101
111
80
43
117
30
86
1094
137
78
108
586
283
220
123
216
78
719
171
89
48
31
173
128
276
501
338
55
48
45
110
180
173
286
98
185
61
53
57
139
2529
223
333
98
81
59
128
132
61
302
183
119
33
45
77
50
245
79
55
171
206
124
39
113
43
12
2772
159
106
144
214
11
145
362
52
79
316
139
185
80
145
402
57
233
2686
656
45
256
494
110
78
301
157
216
502
254
195
67
82
424
286
60
151
260
37
63
160
3564
98
35
154
138
716
258
40
93
94
86
242
108
53
72
70
58
1
29
142
107
288
99
338
41
246
462
49
169
96
7055
103
69
150
130
186
335
130
896
39
156
74
76
41
35
467
3424
23
147
450
165
85
75
150
115
75
267
89
35
404
125
280
54
59
81
96
81
79
84
89
191
121
435
129
173
39
61
213
66
652
1449
38
80
233
11
46
41
90
54
108
101
69
62
231
2715
32
152
95
15622
82
321
388
57
377
317
61
776
282
118
347
116
203
64
57
294
403
173
108
360
255
66
350
599
447
672
322
173
249
371
392
322
212
240
66
75
62
55
137
166
82
548
438
189
20
39
35
36
37
2
38
123
40
82
79
194
53
30
8
58
70
5
216
5
45
62
12
84
59
2647
76
10
18
159
73
18
50
39
71
69
56
76
49
14
20
32
20
225
79
4134
129
102
981
469
369
99
84
2471
362
124
57
123
92
70
118
19
11
103
114
659
40
41
49
87
1854
64
98
37
105
109
174
43
39
169
37
225
198
82
240
507
212
149
116
183
109
57
115
222
205
114
63
23
320
115
19
3903
33
143
224
73
195
20
1302
141
73
18
19
74
89
64
58
65
91
3206
73
136
68
270
116
190
443
113
358
173
109
11
33
65
24
37
144
118
8194
157
209
249
70
214
23
252
260
238
242
73
319
30
19
213
102
46
91
42
12
42
20
9
74
12
72
20
7753
1402
208
191
55
164
281
250
22
288
1539
81
72
183
22
225
709
86
65
61
98
272
441
136
89
99
384
33
367
300
214
162
631
201
276
23
93
164
198
68
182
82
202
48
55
17
92
205
56
217
96
94
76
1075
236
86
111
144
97
499
109
227
77
42
3432
100
103
206
102
161
36
37
31
14718
178
93
69
334
303
138
315
49
421
58
268
137
139
64
191
101
1086
86
175
67
134
516
250
83
770
751
186
99
931
154
127
286
586
186
272
19
6113
90
37
39
116
50
116
39
282
165
947
163
215
213
173
30
978
80
11
274
70
135
87
12
446
112
57
219
115
89
78
54
47
66
300
36
168
163
18
47
20
6933
10
138
49
7
12
38
197
68
98
48
80
19
101
35
45
108
55
46
93
45
42
15
116
262
88
25
17
62
24
121
324
343
127
28
18
70
63
59
22
11
34
16
74
260
100
36
30
23
24
122
41
138
86
189
254
78
33
22
12
34
282
941
8
53
36
218
38
664
53
3
8
136
53
134
40
29
11
47
938
184
15
54
71
8
27
29
91
36
22942
233
141
272
153
148
59
136
307
68
350
300
167
15
201
238
367
104
126
32
44
56
547
192
184
47
172
155
99
318
91
74
29
97
624
199
186
1591
383
370
231
43
646
152
317
415
215
74
56
28
192
687
33
574
543
39
108
53
114
98
68
255
7902
255
16
599
57
19
140
80
87
47
39
146
65
215
129
562
163
175
58
113
58
111
97
88
117
120
595
122
19
208
26
22
9
243
66
390
137
185
66
563
210
50
95
97
64
91
102
25
183
211
13
1715
1650
103
549
204
180
31
15
196
151
98
174
606
280
167
342
219
107
3895
381
262
337
151
204
4498
24
226
26
58
27
120
90
43
89
23
272
232
280
59
333
64
60
121
33
181
90
190
81
38
58
53
27
24
225
55
21
141
75
165
86
84
155
129
32
248
347
121
31
16
19
99
58
22
40
306
175
130
93
227
90
154
169
104
48
101
41
60
89
150
85
78
57
91
71
221
101
198
157
203
541
137
67
135
2169
24
67
127
58
48
74
221
1826
136
99
175
318
149
193
256
147
432
438
83
3853
529
47
142
188
54
181
971
206
253
196
741
191
57
770
581
356
336
332
887
263
181
234
4252
205
85
165
176
96
66
120
53
67
66
210
277
37
130
26
60
101
90
317
239
297
201
126
91
221
2593
349
84
42
351
245
136
270
59
67
132
249
37
6938
54
25
369
20
10
86
167
37
55
7
208
53
60
82
74
68
53
9
132
119
16
57
53
1454
227
108
112
199
33
6
14
35
180
93
38
208
181
36
168
115
36
72
106
205
3
46
97
232
25
251
118
12
131
270
11683
184
63
188
327
74
119
91
265
15
30
20
301
277
125
16
12
184
216
26
81
150
65
36
114
28
45
25
644
57
104
26
635
142
170
17
107
271
65
33
214
53
1370
127
95
270
152
409
275
105
291
64
304
1731
359
301
408
442
380
510
214
178
97
111
279
604
315
114
46
90
191
85
161
501
341
208
244
175
194
39
329
239
264
141
70
23
5446
509
126
177
98
124
28
17
23
21
9
20
10
74
59
111
6
9
46
10
1
66
19
203
12
30
19
46
103
59
1064
23
150
216
105
382
751
100
212
94
91
1470
1498
159
74
329
86
22861
406
17
250
167
262
186
251
67
328
196
148
91
230
278
84
241
123
255
234
74
96
28
296
168
144
943
137
677
783
289
151
84
413
370
803
472
276
650
37
543
127
125
113
34
137
24
281
64
131
71
33
44
22077
505
37
95
81
21
93
53
56
74
170
91
135
358
144
170
162
117
234
47
32
6
20
202
12
250
15
181
175
53
415
695
114
81
81
156
33
114
254
211
141
246
144
21
142
1860
49
16
22
45
11
8
50
11
69
94
12
126
179
75
3493
528
70
21
274
71
142
10
139
24
174
120
221
31
476
277
200
393
195
38
27
93
105
426
14
237
45
90
57
2055
69
94
8
852
46
252
89
42
155
203
41
119
125
50
10
23
42
22
33
11
10
6
280
101
169
67
11
18
20
7
13
1165
7
17
6
37
5
15
138
7
76
2
8
40
7
20
5
7
4816
9
30
69
16
42
40
20
221
71
19
906
38
244
29
5
14
17
0
24
198
15
23
28
36
124
2
16
61
16
16
13
70
6
2
21
118
51
45
72
61
13
39
39
24
49
214
74
37
80
41
348
96
21
4
4
31
83
139
39
27
295
264
13
131
18
35
551
22
5
42
62
46
128
4
44
13
61
17
35
43
24
2
10
8
8
0
3
8
18
27
6
15
1
795
6
3
26
33
33
44
124
12
23
70
24
145
87
24
19
6
6
6
9
1868
74
28
11
9
1
115
3714
4
4
60
4
36
10
5
2
119
20
60
19
7
22
3
17
24
6
5
23
55
10
59
667
39
13
18
25
5
98
11
16
19
38
10
9
7
199
9
13
0
269
8
3
40
4
1
38
6
34
17
16
3
21
1
3
38
14
151
9
5
18
1
3
3
7
5
40
81
34
120
8
20
3
32
13
10
0
20
32
4
30
35
56
400
7
28
57
18
66
72
3
10
6
25
8
4
20
12
23
33
11
6
11
1
14
1681
117
21
3
75
124
15
16
1
37
44
143
81
13
0
9
15
22
11
72
15
5
45
26
25
11
14
33
37
21
47
15
22
24
227
7
122
30
40
29
49
6
48
3
103
24
12
11
81
28
12
52
8
6
14
2
14
69
35
24
8
20
228
37
77
49
7
116
68
11
20
9989
77
36
28
283
15
330
50
16
417
0
5
454
58
389
112
129
168
1438
89
90
493
89
70
292
192
234
100
60
148
14
59
1495
59
4
59
180
129
18
77
863
95
56
115
2951
39
80
55
20
103
427
78
55
47
103
74
40
55
37
906
27
14
57
99
224
16
64
106
74
74
33
63
73
126
173
149
130
125
341
48
5913
32
46
134
49
103
17
68
7
32
10
51
10
129
85
107
46
20
171
152
70
67
41
21
51
49
18
164
146
41
73
54
4
27
6
149
28
117
77
49
52
2
7
5
31
42
61
186
85
22
123
32
39
23
38
17
1
17
142
24
48
29
16
27
106
69
93
56
18
46
61
90
45
22
86
91
58
11
12
35
378
19
17
230
102
0
6425
25
52
150
101
10
11
71
74
41
75
24
83
62
38
304
64
30
118
78
75
100
58
128
92
6
4
38
95
63
38
89
72
40
13
113
31
228
48
30
13
17
41
67
30
38
78
37
47
7
5
6
25
26
4
229
135
7
12
9
228
43
27
54
7
32
14
256
40
13
5
2846
55
19
366
14
555
100
100
25
41
87
36
191
909
349
140
111
38
85
70
42
517
104
72
45
163
12
12
120
17
106
18
24
105
20
42
80
30
112
84
52
105
4
22
18
108
114
63
2379
21
94
32
41
31
2
18
23
593
287
289
105
28
48
18
1
28
32
43
70
23
67
929
46
11
3
19
70
8
21
11
10
2
29
13
13
14
22
10948
341
259
136
320
129
208
103
62
170
93
92
108
314
372
358
241
1491
559
197
214
78
149
65
226
190
87
1055
34
151
1073
22873
60
57
70
91
95
29
108
49
15
155
255
92
355
421
124
93
13
138
33
107
105
125
68
171
17
53
44
98
386
275
30
154
161
27
34
121
20
218
21
129
83
69
17
31
318
37
49
43
84
71
13
81
288
124
88
31
66
92
40
165
102
42
124
52
28
229
59
354
12
222
134
53
26
254
37
35
1343
297
297
345
179
62
60
18
291
157
90
29
51
44
189
44
60
139
111
15
172
167
11
58
24
46
133
91
186
118
109
1011
83
48
69
70
28
35
79
320
117
15
242
15
133
2010
189
441
67
31
128
68
34
90
6
470
2
26
279
14
42
1
5
46
58
4
70
18
6
21
14
6
93
79
4
16
4
5
3324
39
331
19
1
20
94
84
11
33
169
3111
142
16
71
9
55
161
12
51
149
220
124
240
115
12
67
28
8
42
107
3
143
91
8
65
84
488
4
66
166
258
414
36
12
13
22
21
76
110
59
45
117
22
225
14
106
10
32
59
4
43
71
17
53
93
3
9
10
5
2
41
36
17
13
8
49
7
40
28
8
9
29
5
35
1866
37
76
6
49
23
11
8
9
20
13
56
23
503
44
11
208
131
60
39
21
65
38
2240
9
33
6
85
3
3
10
21
19
6
45
41
15
71
13
11
18
12
5
14
36
39
106
21
9
73
11
22
34
14
11
37
55
9
81
2
10
57
21
37
29
21
67
18
5
51
13
6
19
31
8
29
13
7
57
68
30
60
20
40
51
71
97
102
27
59
59
64
39
40
73
31
179
208
58
46
65
100
15
51
18
84
8
24
10
34
68
3
17
154
324
167
56
94
226
5
129
9
3
187
31
133
194
11
61
4093
35
117
74
327
36
215
59
145
58
104
5
176
17
21
9
468
106
126
201
938
118
7
37
33
46
207
226
78
427
97
147
340
58
21
87
14
79
4
111
283
387
6622
7466
5791
87
307
724
725
10711
700
222
6353
4
5709
843
950
205
1384
4341
6323
934
19
26
24
93
43
204
61
172
221
60
209
39
342
161
12
130
106
46
650
312
86
38
115
304
147
134
255
96
5
224
52
75
85
94
106
62
202
101
52
10
169
33
151
188
180
41
117
280
550
33
357
200
1135
10
100
220
46
187
29
27
114
66
28
79
94
21
24
107
46
188
129
429
41
19
36
596
95
256
336
238
155
162
24
53
230
111
151
46
58
72
172
226
604
119
19
8
72
71
142
35
84
73
18
189
139
222
27
115
52
10
25
52
195
9
10
7831
60
108
65
156
60
105
51
96
105
15
74
46
38
111
20
119
74
7
128
53
196
25
40
81
65
49
28
31
151
147
66
116
153
20
94
73
176
57
110
47
38
55
114
569
51
27
62
68
125
131
66
74
235
458
25
22
56
39
62
135
62
26
79
60
39
9
54
53
31
56
67
65
1061
35
46
47
5
28
3171
9
181
30
4
6
44
8
47
47
424
40
64
285
17
65
7
34
53
97
21
110
33
28
15
4
73
200
23
68
18
7
10
62
15
72
15
5
201
84
76
25
25
6
88
72
32
11
27
29
7
101
18
165
165
77
77
62
67
18
58
13
122
13
23
36
28
33
58
48
21
79
28
49
51
13
52
53
48
14
103
44
26
33
44
29
24
37
33
50
44
76
5
45
12
33
1049
8
25
91
66
74
24
43
22
39
60
7334
59
48
45
85
380
28
72
37
202
35
75
108
184
33
57
999
177
80
221
88
86
209
132
22
96
182
47
197
206
551
168
132
31
54
1315
28
58
7
49
3730
55
67
19
124
46
65
177
47
34
80
21
132
61
52
11
29
216
116
23
79
26
132
41
67
32
107
27
1010
40
192
47
16
50
100
44
85
67
113
75
174
83
103
152
101
75
39
216
96
28
1218
34
84
89
15
124
18
44
215
19
23
127
50
99
68
71
53
25
175
6
57
42
17
87
177
150
62
