3715
3053
7514
2599
4059
2565
717
1790
3832
3129
214
747
798
206
362
10642
625
13
307
109
124
682
297
309
884
613
113
664
251
312
282
290
257
594
2805
320
197
647
1775
121
493
594
671
306
405
330
150
134
181
803
322
1185
3198
50
610
739
77
406
203
217
63
152
169
66
93
301
407
1029
318
193
340
1036
969
292
516
473
406
488
593
2942
443
251
481
71
1029
103
132
297
15
3773
70
207
135
60
190
82
125
1692
271
104
141
982
352
395
258
398
118
259
318
178
73
79
252
195
240
208
696
136
105
106
266
586
250
911
102
304
229
111
247
226
2253
365
704
141
77
122
174
417
81
537
378
1572
52
53
162
-240
514
54
117
214
279
179
90
224
25
76
2166
165
392
403
449
104
155
574
70
85
1208
354
390
249
396
560
116
322
2452
1185
77
271
857
531
144
981
445
628
929
245
286
252
189
341
272
104
285
315
63
88
447
3023
169
104
201
102
504
401
54
167
156
113
227
98
48
90
155
114
32
46
168
185
444
179
430
75
203
341
91
187
70
3092
169
86
216
279
179
455
193
784
90
174
70
61
53
49
275
3109
49
361
795
186
378
108
208
160
145
433
114
278
797
225
329
142
105
86
116
180
71
175
85
239
202
1165
474
327
58
69
494
133
863
2206
74
122
585
28
113
62
149
69
231
229
111
94
304
2412
52
227
139
8066
109
184
351
78
377
384
111
721
258
115
374
101
206
69
62
277
365
160
142
285
237
59
253
399
342
391
380
215
235
314
383
249
215
155
93
80
67
47
103
130
87
319
319
130
32
52
62
43
74
1
90
123
45
81
61
292
72
22
30
81
82
4
212
4
102
68
19
107
73
2430
84
24
8
159
90
22
72
66
75
80
83
94
54
22
33
39
45
219
113
2652
142
151
720
352
343
161
175
1223
321
114
132
88
83
65
149
43
45
105
139
686
71
69
73
73
1463
51
87
51
133
90
257
66
104
215
36
198
195
86
299
674
247
158
112
175
121
173
145
261
216
98
114
26
436
159
56
2553
81
202
401
108
165
27
1029
110
144
32
9
125
91
100
100
135
162
3562
70
254
122
343
136
322
664
202
469
274
154
30
51
89
25
89
126
113
4425
167
183
181
93
168
48
384
223
203
299
107
322
29
42
214
148
105
94
52
24
69
35
18
66
27
57
19
5778
492
325
209
79
298
250
242
23
378
2973
225
93
222
57
254
525
212
76
60
205
230
609
192
92
197
292
51
550
241
160
182
619
233
429
59
67
210
190
95
179
103
275
66
66
45
224
324
75
303
75
93
171
747
308
167
127
180
187
592
133
380
72
75
2195
132
92
145
140
126
43
146
85
5821
94
120
136
451
352
109
621
71
375
62
257
152
76
51
168
121
840
99
255
67
154
377
200
45
543
504
159
124
375
113
107
214
416
166
153
31
4756
355
96
111
245
316
293
103
679
516
1599
233
416
366
452
159
2376
166
29
1030
151
243
427
36
1409
391
115
756
149
325
83
185
211
264
888
167
623
646
65
48
138
4303
135
241
172
68
70
49
124
222
193
47
117
264
175
40
78
381
129
150
89
143
135
72
403
184
131
30
65
216
40
186
328
368
113
59
191
95
121
291
267
43
127
43
297
202
187
141
122
155
10
340
240
116
298
353
244
128
125
196
115
38
195
1349
165
691
102
678
106
476
115
57
56
426
147
246
178
26
33
94
1197
200
42
70
294
10
26
74
120
50
9148
289
215
393
225
169
151
241
309
74
320
324
179
36
320
271
385
183
197
53
42
99
531
184
172
70
186
196
91
346
162
110
38
116
747
355
531
1113
340
353
229
70
743
112
159
228
228
67
74
121
248
303
60
408
644
40
124
47
115
101
36
153
5348
356
117
589
162
67
377
424
108
173
53
177
171
219
399
1240
501
177
128
259
136
353
380
242
140
273
737
168
101
231
112
107
109
378
116
595
263
468
153
821
182
108
137
176
252
191
372
116
464
648
130
1353
1429
198
1191
388
684
67
69
194
205
288
306
737
478
130
284
986
1157
3000
743
539
755
452
413
3511
56
265
39
96
61
212
146
63
145
42
322
201
292
104
408
98
91
100
85
221
119
341
75
67
101
58
43
62
334
49
83
262
94
207
90
100
351
309
65
333
233
147
60
36
29
127
95
46
59
180
145
218
132
300
73
190
220
110
95
182
49
123
120
187
67
67
132
109
84
240
181
291
100
259
364
118
48
193
1721
38
95
179
68
45
66
328
1678
215
145
317
334
140
268
174
157
637
613
204
3234
714
122
199
596
106
435
1068
313
635
386
1035
242
169
962
956
460
464
649
1232
499
299
409
2337
227
80
308
217
51
55
120
36
182
100
141
194
25
167
35
102
169
67
222
103
550
304
78
67
296
2068
428
215
68
613
294
207
310
54
188
187
226
26
4055
87
30
296
25
19
34
201
41
84
39
226
63
38
76
110
87
48
15
145
84
11
63
48
932
157
81
75
172
37
48
37
29
233
35
82
123
321
35
80
122
27
67
103
604
8
44
79
517
13
165
59
10
387
145
6759
183
57
155
188
89
92
51
143
22
24
24
265
173
160
32
22
108
133
39
102
150
57
19
82
24
79
48
817
84
89
42
662
141
149
28
100
279
59
27
182
59
1141
338
212
301
380
592
491
209
453
246
718
1071
825
367
813
912
644
1150
479
561
127
156
269
1169
428
95
35
82
197
84
334
524
515
245
212
150
245
41
332
132
247
176
63
12
4262
687
215
157
165
128
47
27
47
18
27
35
14
109
70
445
15
14
58
19
15
93
7
158
11
31
33
171
162
136
917
26
327
232
249
695
498
143
236
418
130
1031
1389
302
209
311
145
9033
466
25
357
144
273
236
227
116
171
118
106
76
268
202
75
245
163
212
265
151
139
47
162
153
135
763
181
324
395
230
115
95
336
192
597
671
296
529
62
430
116
131
92
72
123
36
254
64
186
48
59
52
7929
282
26
59
62
64
17
82
214
86
72
42
311
298
56
89
171
81
189
112
25
13
35
99
22
243
15
120
97
54
270
437
67
139
26
70
26
38
125
225
93
140
210
36
221
1496
93
34
33
65
32
55
44
20
136
99
22
157
156
115
3572
1185
135
45
580
99
202
6
162
48
161
55
293
42
537
532
347
621
162
53
30
520
678
568
214
536
16
110
131
2318
133
174
48
1307
97
253
79
58
149
263
47
176
245
153
59
97
43
15
48
68
28
27
145
130
263
274
55
33
32
32
33
1164
19
56
79
301
85
42
240
13
125
37
80
138
25
26
20
16
3638
76
218
129
42
79
557
219
449
90
71
2873
274
267
255
128
41
99
51
53
530
125
48
81
280
172
188
44
169
53
45
37
94
56
29
36
506
331
55
279
116
257
66
550
109
99
207
219
43
274
230
221
317
46
240
159
70
127
498
83
46
344
704
7
389
21
60
1006
49
29
146
56
288
129
33
70
14
212
151
273
291
464
12
73
87
119
28
29
25
252
79
73
79
24
1565
24
42
105
105
488
93
1089
442
421
366
176
388
343
28
33
80
123
21
132
1979
30
532
185
99
105
84
3834
12
347
240
69
255
39
18
181
78
23
223
40
108
62
98
44
178
189
23
126
189
226
356
1476
746
47
23
514
141
128
39
37
226
265
230
99
148
670
53
427
179
943
52
123
359
41
5
64
15
38
252
30
47
35
93
129
158
35
344
63
183
44
6
6
628
9
8
132
1122
125
419
32
114
147
68
123
117
441
227
387
34
95
177
54
718
81
375
207
64
186
464
94
192
139
26
44
125
223
67
31
51
114
20
84
145
138
1770
136
80
38
389
171
148
183
7
98
86
162
106
59
37
33
20
42
82
275
67
38
145
65
65
56
56
191
90
70
115
33
36
70
362
174
256
126
116
57
133
31
188
67
104
86
36
45
249
113
44
168
95
20
50
26
35
96
89
197
48
70
264
67
96
68
70
225
96
43
54
5173
84
21
112
224
17
261
54
53
168
5
9
401
54
362
89
165
351
558
59
57
508
79
28
250
137
386
102
106
173
27
194
925
102
54
84
164
191
129
119
976
174
98
161
2531
51
93
35
42
140
396
111
51
94
176
87
77
66
42
703
49
42
61
81
235
29
74
75
118
92
29
33
86
260
220
165
76
115
147
60
4724
67
102
103
56
169
17
68
22
30
293
58
162
124
51
292
73
51
174
142
78
90
275
13
51
72
14
167
127
35
53
102
14
32
11
162
67
219
206
189
505
21
10
15
69
63
236
454
229
13
110
58
40
63
194
34
1
36
170
533
83
33
9
56
153
144
104
237
33
38
81
140
72
39
104
40
39
101
20
92
643
23
25
1356
120
0
4132
40
69
284
79
30
27
59
58
111
35
53
85
64
34
396
82
149
106
95
48
148
69
157
119
14
50
36
89
175
49
80
82
141
21
109
45
132
45
58
9
18
110
77
423
45
80
56
76
5
15
32
51
79
14
151
89
16
13
13
107
37
45
30
9
404
18
1070
772
15
768
2120
1119
61
1375
27
1072
158
114
64
1274
1689
78
437
1310
362
123
270
1254
738
144
62
1667
137
95
46
397
811
19
172
34
365
26
24
210
24
40
175
352
142
170
60
84
9
25
64
230
92
54
3780
4
62
29
48
25
17
35
21
804
360
660
58
90
35
7
54
94
46
53
86
31
97
1169
76
63
4
69
155
36
26
47
29
3
68
64
40
26
36
6437
712
351
211
353
120
1277
631
248
858
279
218
101
390
479
493
985
1125
551
502
356
84
730
601
416
223
64
386
22
104
494
9311
212
72
66
68
51
27
128
59
431
164
461
185
200
328
288
47
14
145
43
471
101
271
78
199
1309
472
63
57
322
515
29
235
132
53
44
105
29
455
169
130
69
69
25
498
277
47
576
26
68
60
9
88
478
138
59
73
82
128
447
297
151
27
942
240
117
128
167
385
38
128
351
29
220
183
741
58
1287
372
207
122
147
75
514
46
256
170
62
33
49
55
292
70
90
156
126
12
91
268
36
83
54
72
149
3729
351
147
285
1239
106
86
160
276
210
76
1070
766
199
31
356
41
248
2482
216
415
96
69
323
83
156
92
29
531
11
23
264
48
33
18
13
134
146
18
115
79
13
87
22
1
87
68
15
11
21
32
2653
71
520
40
31
36
185
187
68
83
210
2348
320
60
58
6
151
286
42
90
166
964
199
206
379
20
261
23
28
121
89
1587
296
65
13
121
90
474
7
135
325
292
596
40
13
7
29
57
56
526
75
109
177
53
246
39
155
34
85
123
8
43
74
56
64
89
7
69
18
24
8
41
41
36
32
47
60
9
93
31
11
14
46
14
45
1723
48
58
17
52
34
98
40
7
17
31
164
42
799
123
16
191
105
100
46
14
79
59
1244
4
34
23
135
20
36
8
32
23
2
47
88
15
118
71
14
222
61
7
18
275
66
330
21
8
59
10
63
22
9
61
61
33
14
81
2
16
78
17
97
164
33
144
26
3
35
15
26
11
39
5
31
13
26
153
61
37
61
41
126
60
653
55
71
236
64
83
169
60
44
104
55
380
240
63
62
281
139
29
78
27
330
98
32
53
42
144
40
26
741
584
345
269
119
865
26
152
16
8
1125
47
244
1282
12
310
3161
41
777
118
577
66
946
584
84
100
124
11
249
84
19
11
867
134
684
256
950
323
20
219
182
28
292
222
104
214
551
1457
636
1528
131
228
34
878
60
137
234
467
1998
1888
2197
216
112
274
288
4162
1171
181
1988
1889
2772
439
515
120
968
2838
2220
317
43
25
55
77
235
90
61
187
406
179
169
431
133
93
11
327
131
248
1401
349
57
91
855
739
85
652
296
102
92
229
44
33
48
62
156
115
1270
111
1903
23
184
54
159
177
307
50
399
156
200
25
1061
191
2493
8
77
386
58
122
181
45
155
83
28
88
148
12
56
85
85
293
162
379
72
432
51
410
84
204
329
488
244
302
34
65
284
240
151
216
28
38
239
164
899
1426
73
659
83
58
159
62
68
57
107
250
247
1091
44
408
82
34
121
112
193
33
58
4667
109
95
216
296
63
102
173
151
66
66
208
338
65
108
182
43
54
262
79
37
229
320
67
196
143
644
38
498
201
593
64
218
2281
50
273
78
277
43
203
244
269
300
100
690
201
16
53
231
844
89
122
68
138
247
38
631
127
89
84
238
428
84
210
40
734
21
236
288
158
188
86
150
1377
39
156
294
154
123
2680
33
122
52
270
25
146
197
19
86
1449
187
466
409
59
33
30
117
46
211
99
112
54
157
83
5
112
982
234
89
40
63
40
364
191
78
160
39
503
92
280
100
217
77
129
95
142
28
21
120
46
494
12
390
79
79
446
98
208
66
23
47
267
38
305
30
116
64
43
48
41
63
42
40
54
37
48
72
60
107
121
86
70
59
63
40
27
70
20
70
39
59
21
55
80
28
1289
26
38
83
366
79
34
60
31
79
119
4988
317
297
2022
69
231
31
77
69
981
1157
254
180
189
76
119
1949
868
60
2035
110
68
125
166
27
379
1726
58
401
651
568
200
214
265
92
2179
62
83
49
94
4621
201
239
56
330
114
148
146
366
145
171
30
232
115
180
32
89
813
83
153
96
155
365
391
51
63
137
27
1624
111
400
69
68
435
584
49
72
315
218
56
371
463
276
72
137
127
135
478
193
113
1929
135
138
280
55
284
35
132
394
49
24
141
164
396
214
140
98
60
677
231
197
130
106
226
521
165
144
136
